#!/usr/bin/python3
import pygame;
import time;

surface = pygame.display.set_mode([340,200]);
pygame.display.flip();
def draw(c1,c2,c3,sx,sy,x,y):
    pygame.draw.rect(surface, (c1,c2,c3), (sx,sy,x,y));
surface.fill((255,255,255));
draw(255,255,255, 0,0, 340,128);
draw(255,0,0, 0,100, 340,128);
draw(0,0,255, 0,0, 1,340);
draw(0,0,255, 1,1, 1,198);
draw(0,0,255, 2,2, 1,196);
draw(0,0,255, 3,3, 1,194);
draw(0,0,255, 4,4, 1,192);
draw(0,0,255, 5,5, 1,190);
draw(0,0,255, 6,6, 1,188);
draw(0,0,255, 7,7, 1,186);
draw(0,0,255, 8,8, 1,184);
draw(0,0,255, 9,9, 1,182);
draw(0,0,255, 10,10, 1,180);
draw(0,0,255, 11,11, 1,178);
draw(0,0,255, 12,12, 1,176);
draw(0,0,255, 13,13, 1,174);
draw(0,0,255, 14,14, 1,172);
draw(0,0,255, 15,15, 1,170);
draw(0,0,255, 16,16, 1,168);
draw(0,0,255, 17,17, 1,166);
draw(0,0,255, 18,18, 1,164);
draw(0,0,255, 19,19, 1,162);
draw(0,0,255, 20,20, 1,160);
draw(0,0,255, 21,21, 1,158);
draw(0,0,255, 22,22, 1,156);
draw(0,0,255, 23,23, 1,154);
draw(0,0,255, 24,24, 1,152);
draw(0,0,255, 25,25, 1,150);
draw(0,0,255, 26,26, 1,148);
draw(0,0,255, 27,27, 1,146);
draw(0,0,255, 28,28, 1,144);
draw(0,0,255, 29,29, 1,142);
draw(0,0,255, 30,30, 1,140);
draw(0,0,255, 31,31, 1,138);
draw(0,0,255, 32,32, 1,136);
draw(0,0,255, 33,33, 1,134);
draw(0,0,255, 34,34, 1,132);
draw(0,0,255, 35,35, 1,130);
draw(0,0,255, 36,36, 1,128);
draw(0,0,255, 37,37, 1,126);
draw(0,0,255, 38,38, 1,124);
draw(0,0,255, 39,39, 1,122);
draw(0,0,255, 40,40, 1,120);
draw(0,0,255, 41,41, 1,118);
draw(0,0,255, 42,42, 1,116);
draw(0,0,255, 43,43, 1,114);
draw(0,0,255, 44,44, 1,112);
draw(0,0,255, 45,45, 1,110);
draw(0,0,255, 46,46, 1,108);
draw(0,0,255, 47,47, 1,106);
draw(0,0,255, 48,48, 1,104);
draw(0,0,255, 49,49, 1,102);
draw(0,0,255, 50,50, 1,100);
draw(0,0,255, 51,51, 1,98);
draw(0,0,255, 52,52, 1,96);
draw(0,0,255, 53,53, 1,94);
draw(0,0,255, 54,54, 1,92);
draw(0,0,255, 55,55, 1,90);
draw(0,0,255, 56,56, 1,88);
draw(0,0,255, 57,57, 1,86);
draw(0,0,255, 58,58, 1,84);
draw(0,0,255, 59,59, 1,82);
draw(0,0,255, 60,60, 1,80);
draw(0,0,255, 61,61, 1,78);
draw(0,0,255, 62,62, 1,76);
draw(0,0,255, 63,63, 1,74);
draw(0,0,255, 64,64, 1,72);
draw(0,0,255, 65,65, 1,70);
draw(0,0,255, 66,66, 1,68);
draw(0,0,255, 67,67, 1,66);
draw(0,0,255, 68,68, 1,64);
draw(0,0,255, 69,69, 1,62);
draw(0,0,255, 70,70, 1,60);
draw(0,0,255, 71,71, 1,58);
draw(0,0,255, 72,72, 1,56);
draw(0,0,255, 73,73, 1,54);
draw(0,0,255, 74,74, 1,52);
draw(0,0,255, 75,75, 1,50);
draw(0,0,255, 76,76, 1,48);
draw(0,0,255, 77,77, 1,46);
draw(0,0,255, 78,78, 1,44);
draw(0,0,255, 79,79, 1,42);
draw(0,0,255, 80,80, 1,40);
draw(0,0,255, 81,81, 1,38);
draw(0,0,255, 82,82, 1,36);
draw(0,0,255, 83,83, 1,34);
draw(0,0,255, 84,84, 1,32);
draw(0,0,255, 85,85, 1,30);
draw(0,0,255, 86,86, 1,28);
draw(0,0,255, 87,87, 1,26);
draw(0,0,255, 88,88, 1,24);
draw(0,0,255, 89,89, 1,22);
draw(0,0,255, 90,90, 1,20);
draw(0,0,255, 91,91, 1,18);
draw(0,0,255, 92,92, 1,16);
draw(0,0,255, 93,93, 1,14);
draw(0,0,255, 94,94, 1,12);
draw(0,0,255, 95,95, 1,10);
draw(0,0,255, 96,96, 1,8);
draw(0,0,255, 97,97, 1,6);
draw(0,0,255, 98,98, 1,4);
draw(0,0,255, 99,99, 1,2);
draw(0,0,255, 100,100, 1,0);
pygame.display.update();
while True:
    pass;
